Nowrap

Tuto:

* Grid 5

** Size 5

00000
00000
11111
00000
00000


00000
00110
01100
01000
00000




* grid 7

** Size 8

[15,8,9,10,3,2,1,0],
[3,4,5,12,11,18,17,24],
[17,24,25,32,33,26,19,18],
[16,23,22,21,28,29,30,37],
[17,16,23,22,15,14,7,8],
[40,39,38,31,30,37,44,45],
[22,23,30,31,24,25,32,39],
[12,11,18,25,26,27,20,13],
[4,11,18,17,24,23,16,9],


** size 9

[38,45,46,39,32,25,26,33,34],
[16,9,10,11,18,17,24,23,22],
[18,25,32,39,38,37,30,31,24],
[4,3,10,11,12,19,26,27,20],
[18,25,26,19,20,27,34,33,40],
[20,27,26,33,32,25,24,17,18],
[43,44,37,38,31,30,29,22,23],
[31,24,23,22,21,28,29,36,37],
[30,23,22,15,16,17,10,9,2],
[36,37,30,31,24,23,22,29,28],
[19,12,13,20,27,26,25,32,33],
[1,2,9,8,7,14,15,16,17],
[26,33,40,39,32,25,24,17,18],
[33,26,19,18,11,10,17,24,25],

** Size 10

[46,45,38,39,32,31,24,23,30,29],
[29,36,37,38,45,46,47,40,39,32],
[17,10,9,8,7,14,15,22,23,24],
[24,17,16,9,2,3,10,11,12,13],
[1,8,9,16,17,24,23,22,15,14],
[22,23,24,17,16,9,2,1,8,7],
[30,29,22,23,24,17,10,11,18,19],
[21,22,15,16,23,30,31,24,17,18],
[29,30,31,32,25,26,33,34,27,20],
[16,23,24,17,18,25,32,31,38,45],
[20,27,26,33,34,41,48,47,46,39],
[30,29,22,15,16,17,24,25,18,19],

** Size 11

[21,22,15,16,17,24,31,30,37,36,29],
[12,13,6,5,4,3,10,11,18,17,24],
[22,29,36,37,30,31,24,17,10,9,16],
[25,32,39,46,47,48,41,34,27,26,33],
[10,9,16,15,14,21,22,29,30,23,24],
[32,33,26,25,24,23,16,17,18,11,10],
[35,28,29,22,21,14,15,16,23,30,31],
[38,31,30,37,36,29,22,15,16,17,24],
[48,47,40,33,32,25,24,31,38,45,46],
[30,23,22,15,16,17,24,31,32,25,26],


** Size 12

[18,11,10,17,16,23,30,31,38,39,32,25],
[18,25,24,31,32,39,38,37,30,29,36,35],
[15,8,9,16,17,18,25,24,31,30,29,22],
[25,24,17,10,9,16,15,22,23,30,31,32],
[37,30,29,22,21,14,15,16,23,24,17,18],


** Size 13
** Size 14
** Size 15







Wrap

* grid 5


** size 15

1101001010110001100011111